cam_model: Pinhole
# 相机的宽度和高度，单位为像素。 
cam_width: 1280
cam_height: 1024
# 相机的焦距，单位为像素。（已经进行量化处理）
cam_fx: 863.590518437255
cam_fy: 863.100180533059
# 相机的光心，即图像坐标系的原点在图像上的位置，单位为像素。
cam_cx: 621.666074631063
cam_cy: 533.971978652819
# 相机的畸变参数，用于描述镜头的非理想成像特性，如径向畸变和切向畸变等
cam_d0: -0.0944205499243979
cam_d1: 0.0946727677776504
cam_d2: -0.00807970960613932
cam_d3: 8.07461209775283e-05